Welcome to Number doubler
Please enter 10 numbers
1
2
3
4
5
6
7
8
9
10

  1.0     2.0     3.0     4.0     5.0     6.0     7.0     8.0     9.0    10.0

  2.0     4.0     6.0     8.0    10.0    12.0    14.0    16.0    18.0    20.0
|||||||||||||||||||||||||||||||||||||||||||
Welcome to Number doubler
Please enter 10 numbers
10 20 30 40 50 60 70 80 90 100

 10.0    20.0    30.0    40.0    50.0    60.0    70.0    80.0    90.0   100.0

 20.0    40.0    60.0    80.0   100.0   120.0   140.0   160.0   180.0   200.0
|||||||||||||||||||||||||||||||||||||||||||
Welcome to Number doubler
Please enter 10 numbers
9
8
7 6
54
3 2
1 0 1

  9.0     8.0     7.0     6.0    54.0     3.0     2.0     1.0     0.0     1.0

 18.0    16.0    14.0    12.0   108.0     6.0     4.0     2.0     0.0     2.0
|||||||||||||||||||||||||||||||||||||||||||
Welcome to Number doubler
Please enter 10 numbers
1.2
2.3
3.4
4.5
5.6
6.7
7.8
8.9
9.10
10.11

  1.2     2.3     3.4     4.5     5.6     6.7     7.8     8.9     9.1    10.1

  2.4     4.6     6.8     9.0    11.2    13.4    15.6    17.8    18.2    20.2
|||||||||||||||||||||||||||||||||||||||||||
Welcome to Number doubler
Please enter 10 numbers
0
1
0
1
0
1
0 1
0 1

  0.0     1.0     0.0     1.0     0.0     1.0     0.0     1.0     0.0     1.0

  0.0     2.0     0.0     2.0     0.0     2.0     0.0     2.0     0.0     2.0